model_id	display_name	family	input_mode	split	pmid	truth	prediction	prob_yes	prob_no	prob_maybe
tfidf_lr	TF-IDF LR	sparse	question_context	val	10381996	no	no	0.33900503932979625	0.3424244252199357	0.31857053545026803
tfidf_lr	TF-IDF LR	sparse	question_context	val	10430303	yes	no	0.3482885094546436	0.34969406944782605	0.3020174210975303
tfidf_lr	TF-IDF LR	sparse	question_context	val	10548670	yes	yes	0.3559397755316301	0.3382689502533104	0.3057912742150596
tfidf_lr	TF-IDF LR	sparse	question_context	val	10593212	no	no	0.3398884720407551	0.3439695265407475	0.31614200141849735
tfidf_lr	TF-IDF LR	sparse	question_context	val	10732884	no	yes	0.34988212416642533	0.3481174700289206	0.30200040580465415
tfidf_lr	TF-IDF LR	sparse	question_context	val	10749257	yes	yes	0.3445938580504747	0.3326720975529161	0.3227340443966092
tfidf_lr	TF-IDF LR	sparse	question_context	val	10781708	no	yes	0.34360627063633326	0.33776368752131997	0.31863004184234683
tfidf_lr	TF-IDF LR	sparse	question_context	val	10783841	yes	maybe	0.32147323770068026	0.33723175255145355	0.34129500974786614
tfidf_lr	TF-IDF LR	sparse	question_context	val	11079675	yes	no	0.34597459197430935	0.34965103793401575	0.3043743700916748
tfidf_lr	TF-IDF LR	sparse	question_context	val	11380492	yes	no	0.3401603081612567	0.34529001299696993	0.31454967884177326
tfidf_lr	TF-IDF LR	sparse	question_context	val	11481599	yes	yes	0.3516728389490101	0.3188300693608674	0.32949709169012253
tfidf_lr	TF-IDF LR	sparse	question_context	val	11483547	no	yes	0.3553962003019584	0.3423742439672264	0.3022295557308153
tfidf_lr	TF-IDF LR	sparse	question_context	val	11926574	no	maybe	0.32422136833444065	0.32114055501975725	0.3546380766458021
tfidf_lr	TF-IDF LR	sparse	question_context	val	12040336	no	yes	0.36022862638558206	0.3246121014482223	0.3151592721661957
tfidf_lr	TF-IDF LR	sparse	question_context	val	12419743	yes	no	0.3372689016546138	0.34745985787613864	0.31527124046924754
tfidf_lr	TF-IDF LR	sparse	question_context	val	12607666	yes	no	0.345498214310629	0.3490867610400926	0.30541502464927833
tfidf_lr	TF-IDF LR	sparse	question_context	val	12612531	yes	yes	0.34195706362237954	0.33741320950992587	0.3206297268676946
tfidf_lr	TF-IDF LR	sparse	question_context	val	12690589	yes	yes	0.34306256151450537	0.3395555669900907	0.3173818714954039
tfidf_lr	TF-IDF LR	sparse	question_context	val	14745753	yes	no	0.3376252121852191	0.35666375396733363	0.3057110338474472
tfidf_lr	TF-IDF LR	sparse	question_context	val	14978612	yes	no	0.34616544603405314	0.35587765290264445	0.29795690106330236
tfidf_lr	TF-IDF LR	sparse	question_context	val	15053041	no	yes	0.3501182905869083	0.335054744878255	0.3148269645348367
tfidf_lr	TF-IDF LR	sparse	question_context	val	15112004	no	no	0.3334507839920771	0.34313181717485214	0.3234173988330708
tfidf_lr	TF-IDF LR	sparse	question_context	val	15125825	yes	yes	0.34585417218355274	0.33009041255460225	0.324055415261845
tfidf_lr	TF-IDF LR	sparse	question_context	val	15223779	yes	yes	0.33676462083838793	0.3264982226266695	0.3367371565349426
tfidf_lr	TF-IDF LR	sparse	question_context	val	15483019	yes	no	0.3349558296310545	0.3661718237033787	0.2988723466655668
tfidf_lr	TF-IDF LR	sparse	question_context	val	15539888	yes	maybe	0.33136435597790637	0.32659703564791354	0.34203860837418015
tfidf_lr	TF-IDF LR	sparse	question_context	val	15943725	yes	no	0.3397895762682549	0.3461956670546368	0.31401475667710826
tfidf_lr	TF-IDF LR	sparse	question_context	val	15995461	yes	yes	0.35387950887004027	0.32881712536644725	0.3173033657635125
tfidf_lr	TF-IDF LR	sparse	question_context	val	16155169	no	no	0.35281805733398297	0.3590119299703403	0.28817001269567666
tfidf_lr	TF-IDF LR	sparse	question_context	val	16195477	yes	yes	0.35236231210850816	0.3197747185786552	0.32786296931283665
tfidf_lr	TF-IDF LR	sparse	question_context	val	16249670	no	no	0.34316412549500314	0.3484913537768493	0.3083445207281475
tfidf_lr	TF-IDF LR	sparse	question_context	val	16296668	no	yes	0.35358576260903235	0.32887932277618515	0.3175349146147825
tfidf_lr	TF-IDF LR	sparse	question_context	val	16498158	yes	yes	0.36638352304847704	0.3403572732658522	0.29325920368567077
tfidf_lr	TF-IDF LR	sparse	question_context	val	16510651	no	yes	0.3480987783067663	0.34390890850442984	0.3079923131888038
tfidf_lr	TF-IDF LR	sparse	question_context	val	16538201	maybe	no	0.34638587012279864	0.35595565420519765	0.2976584756720037
tfidf_lr	TF-IDF LR	sparse	question_context	val	16769333	yes	no	0.3394010825265157	0.35596854577585735	0.3046303716976269
tfidf_lr	TF-IDF LR	sparse	question_context	val	16909975	yes	no	0.3406577180553351	0.3527880251917199	0.30655425675294495
tfidf_lr	TF-IDF LR	sparse	question_context	val	17076091	maybe	maybe	0.3321343419532723	0.32320489602629343	0.3446607620204343
tfidf_lr	TF-IDF LR	sparse	question_context	val	17259061	yes	yes	0.35236717385418925	0.3367105462912112	0.3109222798545996
tfidf_lr	TF-IDF LR	sparse	question_context	val	17279467	maybe	yes	0.34990755481922137	0.33538458853158365	0.314707856649195
tfidf_lr	TF-IDF LR	sparse	question_context	val	17489316	maybe	no	0.3349101354755745	0.34756393949642095	0.3175259250280046
tfidf_lr	TF-IDF LR	sparse	question_context	val	17595200	no	yes	0.34223012351389515	0.33425382891695754	0.3235160475691472
tfidf_lr	TF-IDF LR	sparse	question_context	val	17610439	yes	yes	0.3561169481023675	0.3302504186266007	0.3136326332710318
tfidf_lr	TF-IDF LR	sparse	question_context	val	17940352	maybe	no	0.33451266307630717	0.3469865544854186	0.3185007824382742
tfidf_lr	TF-IDF LR	sparse	question_context	val	18019905	no	yes	0.3436008430765369	0.324492799457727	0.33190635746573616
tfidf_lr	TF-IDF LR	sparse	question_context	val	18251357	yes	no	0.33409159987351567	0.34991171679085176	0.31599668333563247
tfidf_lr	TF-IDF LR	sparse	question_context	val	18378554	no	yes	0.351914934643131	0.31881727753832895	0.32926778781854005
tfidf_lr	TF-IDF LR	sparse	question_context	val	18435678	no	no	0.3390757176190253	0.3518334928114555	0.3090907895695193
tfidf_lr	TF-IDF LR	sparse	question_context	val	18568239	yes	no	0.3283876144636675	0.3782722521645076	0.2933401333718249
tfidf_lr	TF-IDF LR	sparse	question_context	val	18570208	yes	no	0.34596096812193033	0.3574804965240757	0.296558535353994
tfidf_lr	TF-IDF LR	sparse	question_context	val	18603989	yes	yes	0.3672909516411848	0.32435940796280754	0.30834964039600765
tfidf_lr	TF-IDF LR	sparse	question_context	val	18693227	yes	no	0.3306434255795407	0.3438751147347156	0.32548145968574377
tfidf_lr	TF-IDF LR	sparse	question_context	val	18926458	no	yes	0.3616976069052028	0.3398301709905805	0.29847222210421676
tfidf_lr	TF-IDF LR	sparse	question_context	val	19054501	yes	yes	0.3463942345901004	0.3352665312349019	0.3183392341749977
tfidf_lr	TF-IDF LR	sparse	question_context	val	19106867	yes	no	0.34712499504372774	0.3475875052578881	0.3052874996983841
tfidf_lr	TF-IDF LR	sparse	question_context	val	19142546	no	no	0.34216655648709143	0.35545330516295126	0.30238013834995736
tfidf_lr	TF-IDF LR	sparse	question_context	val	19351635	maybe	no	0.33822812128719	0.33879194946326674	0.3229799292495432
tfidf_lr	TF-IDF LR	sparse	question_context	val	19406119	yes	yes	0.3588453925793469	0.32477822646578675	0.3163763809548664
tfidf_lr	TF-IDF LR	sparse	question_context	val	19459018	no	no	0.33903196920734013	0.35381228852638014	0.3071557422662798
tfidf_lr	TF-IDF LR	sparse	question_context	val	19504993	yes	no	0.3266578922929702	0.351881197614606	0.3214609100924237
tfidf_lr	TF-IDF LR	sparse	question_context	val	19578820	maybe	no	0.3381678618580891	0.34746059850625904	0.3143715396356519
tfidf_lr	TF-IDF LR	sparse	question_context	val	19615731	no	yes	0.3440966097217387	0.33884475353894555	0.3170586367393158
tfidf_lr	TF-IDF LR	sparse	question_context	val	20101129	maybe	yes	0.34294841860871367	0.3322066960788959	0.3248448853123904
tfidf_lr	TF-IDF LR	sparse	question_context	val	20156655	yes	no	0.34824772320134645	0.3532028253615266	0.29854945143712686
tfidf_lr	TF-IDF LR	sparse	question_context	val	20304513	no	yes	0.35055130072984914	0.3408591393889306	0.3085895598812202
tfidf_lr	TF-IDF LR	sparse	question_context	val	20363841	no	yes	0.34456518987713475	0.3325362937852952	0.32289851633757005
tfidf_lr	TF-IDF LR	sparse	question_context	val	20382292	yes	yes	0.35424501406846165	0.32839204395198285	0.3173629419795555
tfidf_lr	TF-IDF LR	sparse	question_context	val	20602784	yes	yes	0.3425040315364288	0.32630250268196925	0.33119346578160197
tfidf_lr	TF-IDF LR	sparse	question_context	val	20736672	maybe	yes	0.3599445755545643	0.3384463068326374	0.30160911761279835
tfidf_lr	TF-IDF LR	sparse	question_context	val	20736887	no	no	0.33705398716052754	0.3611108853486707	0.3018351274908018
tfidf_lr	TF-IDF LR	sparse	question_context	val	20813740	yes	no	0.3351276271694408	0.33916659990535364	0.32570577292520553
tfidf_lr	TF-IDF LR	sparse	question_context	val	21074975	yes	no	0.3425753576499446	0.34463335326228156	0.31279128908777387
tfidf_lr	TF-IDF LR	sparse	question_context	val	21084567	yes	yes	0.3612457331766265	0.3326304427745825	0.30612382404879096
tfidf_lr	TF-IDF LR	sparse	question_context	val	21172844	yes	yes	0.3405203858252954	0.3383145640742839	0.3211650501004207
tfidf_lr	TF-IDF LR	sparse	question_context	val	21198823	no	yes	0.34741701560363664	0.34412016388298394	0.30846282051337937
tfidf_lr	TF-IDF LR	sparse	question_context	val	21402341	no	yes	0.34706093264516225	0.3426977093269964	0.3102413580278414
tfidf_lr	TF-IDF LR	sparse	question_context	val	21658267	yes	yes	0.33981878695707074	0.3290529904323358	0.3311282226105935
tfidf_lr	TF-IDF LR	sparse	question_context	val	21669959	yes	yes	0.34701298556624877	0.3217349633267828	0.33125205110696854
tfidf_lr	TF-IDF LR	sparse	question_context	val	21745056	yes	yes	0.3379480580284679	0.3325450341762473	0.3295069077952848
tfidf_lr	TF-IDF LR	sparse	question_context	val	21951591	yes	yes	0.3467365321477978	0.33493342133517934	0.3183300465170229
tfidf_lr	TF-IDF LR	sparse	question_context	val	21979183	no	no	0.3362576361735628	0.34990148673048815	0.31384087709594893
tfidf_lr	TF-IDF LR	sparse	question_context	val	22075911	yes	no	0.3246740418499036	0.3384618018849687	0.33686415626512767
tfidf_lr	TF-IDF LR	sparse	question_context	val	22154448	no	no	0.3432195329003162	0.3456393421695751	0.31114112493010876
tfidf_lr	TF-IDF LR	sparse	question_context	val	22301406	yes	no	0.332567754010912	0.3393385237383385	0.32809372225074945
tfidf_lr	TF-IDF LR	sparse	question_context	val	22519710	no	yes	0.3518057098318754	0.3295693998687319	0.3186248902993928
tfidf_lr	TF-IDF LR	sparse	question_context	val	22534881	no	no	0.345690957107988	0.3564585369565815	0.2978505059354305
tfidf_lr	TF-IDF LR	sparse	question_context	val	22813804	no	yes	0.3472133745360592	0.33749785188671616	0.31528877357722457
tfidf_lr	TF-IDF LR	sparse	question_context	val	22902073	yes	yes	0.361673293081644	0.33796612661436287	0.3003605803039931
tfidf_lr	TF-IDF LR	sparse	question_context	val	23052500	no	no	0.33474925309992776	0.3525806661661164	0.31267008073395575
tfidf_lr	TF-IDF LR	sparse	question_context	val	23072266	yes	yes	0.34108359528202936	0.3369550789365399	0.3219613257814307
tfidf_lr	TF-IDF LR	sparse	question_context	val	23224030	yes	no	0.3420061547617252	0.3455446377830279	0.3124492074552469
tfidf_lr	TF-IDF LR	sparse	question_context	val	23240452	no	yes	0.3442565986596545	0.3394215617438474	0.3163218395964982
tfidf_lr	TF-IDF LR	sparse	question_context	val	23379759	yes	yes	0.351597951025682	0.35136400961398195	0.297038039360336
tfidf_lr	TF-IDF LR	sparse	question_context	val	23422012	no	maybe	0.3349924049387683	0.32974070627440794	0.3352668887868239
tfidf_lr	TF-IDF LR	sparse	question_context	val	23449952	no	no	0.3422851555977664	0.350664355352323	0.30705048904991067
tfidf_lr	TF-IDF LR	sparse	question_context	val	23453079	yes	no	0.34216579201338804	0.3588893016900147	0.29894490629659726
tfidf_lr	TF-IDF LR	sparse	question_context	val	23792130	yes	no	0.3424902343673346	0.3510243183469429	0.3064854472857225
tfidf_lr	TF-IDF LR	sparse	question_context	val	23806388	yes	yes	0.345440839450329	0.327704449380641	0.32685471116903
tfidf_lr	TF-IDF LR	sparse	question_context	val	23810330	yes	no	0.34060384244615305	0.3498794499537668	0.30951670760008015
tfidf_lr	TF-IDF LR	sparse	question_context	val	23972333	yes	maybe	0.3248407384725142	0.3338736266063817	0.34128563492110403
tfidf_lr	TF-IDF LR	sparse	question_context	val	23999452	yes	yes	0.3543111867814613	0.32938952161220675	0.316299291606332
tfidf_lr	TF-IDF LR	sparse	question_context	val	24153338	yes	yes	0.34731465150634055	0.34561112642736996	0.30707422206628954
tfidf_lr	TF-IDF LR	sparse	question_context	val	24191126	yes	no	0.3312376278332934	0.3490757022229457	0.3196866699437608
tfidf_lr	TF-IDF LR	sparse	question_context	val	24237112	yes	yes	0.3406850969932759	0.3315821352690446	0.32773276773767945
tfidf_lr	TF-IDF LR	sparse	question_context	val	24267613	no	no	0.3347241664089445	0.359485069455043	0.30579076413601264
tfidf_lr	TF-IDF LR	sparse	question_context	val	24318956	yes	yes	0.35218202321157943	0.33670592317552145	0.31111205361289923
tfidf_lr	TF-IDF LR	sparse	question_context	val	24481006	yes	no	0.3375086972055251	0.35093018321840236	0.3115611195760724
tfidf_lr	TF-IDF LR	sparse	question_context	val	24519615	yes	yes	0.3525946520623421	0.3444161428911998	0.30298920504645804
tfidf_lr	TF-IDF LR	sparse	question_context	val	24599411	yes	maybe	0.31915851737052997	0.3402502845440138	0.3405911980854563
tfidf_lr	TF-IDF LR	sparse	question_context	val	24939676	no	yes	0.34418710615032455	0.32857840288903917	0.3272344909606363
tfidf_lr	TF-IDF LR	sparse	question_context	val	24958650	yes	yes	0.3389600425896574	0.3324602290025669	0.3285797284077757
tfidf_lr	TF-IDF LR	sparse	question_context	val	25034219	no	no	0.3392122147115215	0.3437830328935721	0.31700475239490633
tfidf_lr	TF-IDF LR	sparse	question_context	val	25150098	yes	yes	0.3651148819157812	0.329686435076572	0.30519868300764685
tfidf_lr	TF-IDF LR	sparse	question_context	val	25168472	yes	yes	0.3475342015229215	0.3342387417523675	0.3182270567247109
tfidf_lr	TF-IDF LR	sparse	question_context	val	25228241	yes	yes	0.3507632247141935	0.3414738171840678	0.30776295810173876
tfidf_lr	TF-IDF LR	sparse	question_context	val	25255719	yes	no	0.3473997741651392	0.3482130313108589	0.30438719452400187
tfidf_lr	TF-IDF LR	sparse	question_context	val	25406780	yes	yes	0.33736965085901605	0.32853037181318306	0.3340999773278009
tfidf_lr	TF-IDF LR	sparse	question_context	val	25571931	maybe	yes	0.3482626002700964	0.3363156707212631	0.31542172900864046
tfidf_lr	TF-IDF LR	sparse	question_context	val	25592625	no	yes	0.35083164159106384	0.34542324691375087	0.30374511149518535
tfidf_lr	TF-IDF LR	sparse	question_context	val	25614468	no	no	0.3480159165506878	0.3488569500872208	0.30312713336209146
tfidf_lr	TF-IDF LR	sparse	question_context	val	25735444	maybe	no	0.32636254835339884	0.3596115677445139	0.31402588390208724
tfidf_lr	TF-IDF LR	sparse	question_context	val	25885219	yes	yes	0.35202146540693	0.33431280840208616	0.3136657261909838
tfidf_lr	TF-IDF LR	sparse	question_context	val	25887165	yes	no	0.3455056889685545	0.34696206637888316	0.30753224465256235
tfidf_lr	TF-IDF LR	sparse	question_context	val	25940336	yes	yes	0.3477167660863705	0.330227872611285	0.3220553613023446
tfidf_lr	TF-IDF LR	sparse	question_context	val	25981682	no	yes	0.34812470421074215	0.33485508823094784	0.31702020755830995
tfidf_lr	TF-IDF LR	sparse	question_context	val	26044262	no	maybe	0.33811194382913384	0.3208488633889682	0.3410391927818979
tfidf_lr	TF-IDF LR	sparse	question_context	val	26085176	yes	yes	0.35475229075244935	0.3375484918038361	0.30769921744371465
tfidf_lr	TF-IDF LR	sparse	question_context	val	26113007	no	no	0.3427516920761313	0.348816247349269	0.30843206057459965
tfidf_lr	TF-IDF LR	sparse	question_context	val	26126304	no	no	0.3266635855957764	0.35355597177288856	0.31978044263133515
tfidf_lr	TF-IDF LR	sparse	question_context	val	26175531	no	yes	0.3651316534046584	0.33615754320237584	0.2987108033929658
tfidf_lr	TF-IDF LR	sparse	question_context	val	26505821	maybe	yes	0.3501900337425576	0.34308673044667304	0.30672323581076927
tfidf_lr	TF-IDF LR	sparse	question_context	val	26536001	no	maybe	0.33024653969970197	0.32806928470137764	0.34168417559892045
tfidf_lr	TF-IDF LR	sparse	question_context	val	26606599	maybe	yes	0.3565725784594981	0.35024582106224184	0.2931816004782601
tfidf_lr	TF-IDF LR	sparse	question_context	val	26708803	maybe	no	0.3397684499347958	0.34913829153327974	0.31109325853192454
tfidf_lr	TF-IDF LR	sparse	question_context	val	26864326	yes	yes	0.35148088960775004	0.3403595629433153	0.30815954744893465
tfidf_lr	TF-IDF LR	sparse	question_context	val	26999038	yes	yes	0.3444278087591663	0.3328738919523196	0.3226982992885141
tfidf_lr	TF-IDF LR	sparse	question_context	val	27131771	yes	no	0.3462603937330659	0.3512208931149922	0.30251871315194184
tfidf_lr	TF-IDF LR	sparse	question_context	val	27146470	maybe	yes	0.35010249192777676	0.3337982359926268	0.3160992720795965
tfidf_lr	TF-IDF LR	sparse	question_context	val	27184293	maybe	yes	0.3536419426878656	0.3356307433223836	0.31072731398975084
tfidf_lr	TF-IDF LR	sparse	question_context	val	27554179	no	no	0.32350856415174706	0.35111161661105	0.32537981923720294
tfidf_lr	TF-IDF LR	sparse	question_context	val	27581329	yes	yes	0.34308238014981635	0.3320521904209013	0.3248654294292823
tfidf_lr	TF-IDF LR	sparse	question_context	val	27908583	yes	no	0.3337672515958461	0.3434294837388154	0.3228032646653386
tfidf_lr	TF-IDF LR	sparse	question_context	val	28006766	yes	no	0.3370102830997815	0.33743344965630273	0.3255562672439158
tfidf_lr	TF-IDF LR	sparse	question_context	val	7497757	no	no	0.3520272159635997	0.3579461867418022	0.2900265972945982
tfidf_lr	TF-IDF LR	sparse	question_context	val	8165771	yes	yes	0.34227859761235807	0.3417461052621829	0.3159752971254591
tfidf_lr	TF-IDF LR	sparse	question_context	val	8375607	yes	yes	0.33676444823187235	0.3293507044349432	0.3338848473331844
tfidf_lr	TF-IDF LR	sparse	question_context	val	8847047	no	no	0.3293184504092413	0.33937886517388277	0.331302684416876
tfidf_lr	TF-IDF LR	sparse	question_context	val	9488747	yes	yes	0.34466501687742424	0.33940812082333166	0.3159268622992441
tfidf_lr	TF-IDF LR	sparse	question_context	val	9603166	no	yes	0.3409840433022709	0.31912177077376436	0.33989418592396475
tfidf_lr	TF-IDF LR	sparse	question_context	val	9645785	no	no	0.32977725657774887	0.33673287463704965	0.33348986878520154
tfidf_lr	TF-IDF LR	sparse	question_only	val	10381996	no	yes	0.5730235042410431	0.21535427528489223	0.2116222204740647
tfidf_lr	TF-IDF LR	sparse	question_only	val	10430303	yes	yes	0.8592708432025274	0.09808618424945327	0.04264297254801929
tfidf_lr	TF-IDF LR	sparse	question_only	val	10548670	yes	yes	0.6306779726467987	0.2751973028895287	0.09412472446367255
tfidf_lr	TF-IDF LR	sparse	question_only	val	10593212	no	yes	0.3745465313347356	0.30578017208386404	0.31967329658140037
tfidf_lr	TF-IDF LR	sparse	question_only	val	10732884	no	yes	0.8225652046588834	0.11022477916357734	0.06721001617753933
tfidf_lr	TF-IDF LR	sparse	question_only	val	10749257	yes	maybe	0.3485963402701432	0.25143219175861725	0.39997146797123956
tfidf_lr	TF-IDF LR	sparse	question_only	val	10781708	no	yes	0.4541081543570128	0.3568621288445725	0.18902971679841477
tfidf_lr	TF-IDF LR	sparse	question_only	val	10783841	yes	yes	0.4796448323303181	0.13983598520660842	0.38051918246307337
tfidf_lr	TF-IDF LR	sparse	question_only	val	11079675	yes	no	0.2565762795401058	0.6028211222290236	0.14060259823087068
tfidf_lr	TF-IDF LR	sparse	question_only	val	11380492	yes	yes	0.7293960505361267	0.06977736077852613	0.20082658868534722
tfidf_lr	TF-IDF LR	sparse	question_only	val	11481599	yes	yes	0.8749391619495023	0.05206228672896953	0.07299855132152813
tfidf_lr	TF-IDF LR	sparse	question_only	val	11483547	no	no	0.3411378298322537	0.6363872960793634	0.02247487408838304
tfidf_lr	TF-IDF LR	sparse	question_only	val	11926574	no	maybe	0.1607912566408532	0.05887868687203043	0.7803300564871164
tfidf_lr	TF-IDF LR	sparse	question_only	val	12040336	no	yes	0.674878998163075	0.25397589014045696	0.07114511169646809
tfidf_lr	TF-IDF LR	sparse	question_only	val	12419743	yes	no	0.1583613998618591	0.8185025213254138	0.02313607881272714
tfidf_lr	TF-IDF LR	sparse	question_only	val	12607666	yes	yes	0.7707499912992567	0.18377909519051788	0.04547091351022539
tfidf_lr	TF-IDF LR	sparse	question_only	val	12612531	yes	yes	0.7993712687782918	0.15684345498226	0.04378527623944821
tfidf_lr	TF-IDF LR	sparse	question_only	val	12690589	yes	no	0.29510637974126264	0.6174768373179204	0.08741678294081687
tfidf_lr	TF-IDF LR	sparse	question_only	val	14745753	yes	no	0.29363785825993527	0.6506232322424843	0.05573890949758036
tfidf_lr	TF-IDF LR	sparse	question_only	val	14978612	yes	no	0.4771081843084374	0.507965084717184	0.014926730974378489
tfidf_lr	TF-IDF LR	sparse	question_only	val	15053041	no	yes	0.7218003460111495	0.1720633044044704	0.10613634958438009
tfidf_lr	TF-IDF LR	sparse	question_only	val	15112004	no	maybe	0.22998429607458468	0.3673004909070096	0.40271521301840585
tfidf_lr	TF-IDF LR	sparse	question_only	val	15125825	yes	yes	0.6610154583442044	0.29014366743760717	0.04884087421818835
tfidf_lr	TF-IDF LR	sparse	question_only	val	15223779	yes	no	0.4150953949129218	0.4846101537840043	0.10029445130307398
tfidf_lr	TF-IDF LR	sparse	question_only	val	15483019	yes	yes	0.5269890811374232	0.4050140201969587	0.06799689866561813
tfidf_lr	TF-IDF LR	sparse	question_only	val	15539888	yes	yes	0.47804134366689477	0.29167798321670185	0.23028067311640338
tfidf_lr	TF-IDF LR	sparse	question_only	val	15943725	yes	no	0.44840955779726627	0.5111802693801986	0.04041017282253511
tfidf_lr	TF-IDF LR	sparse	question_only	val	15995461	yes	yes	0.8445239162613846	0.08367910853979617	0.07179697519881927
tfidf_lr	TF-IDF LR	sparse	question_only	val	16155169	no	yes	0.5758469445804018	0.3815592988405397	0.04259375657905851
tfidf_lr	TF-IDF LR	sparse	question_only	val	16195477	yes	yes	0.4975204721698843	0.22083578402490645	0.2816437438052091
tfidf_lr	TF-IDF LR	sparse	question_only	val	16249670	no	no	0.1944110247402186	0.7548760760115661	0.05071289924821535
tfidf_lr	TF-IDF LR	sparse	question_only	val	16296668	no	yes	0.8860114554740915	0.08339681507823875	0.03059172944766977
tfidf_lr	TF-IDF LR	sparse	question_only	val	16498158	yes	yes	0.5375810586601109	0.3970302881746656	0.06538865316522346
tfidf_lr	TF-IDF LR	sparse	question_only	val	16510651	no	yes	0.7531397140714562	0.1332639062239065	0.11359637970463723
tfidf_lr	TF-IDF LR	sparse	question_only	val	16538201	maybe	yes	0.820774487733043	0.11039571120602576	0.06882980106093121
tfidf_lr	TF-IDF LR	sparse	question_only	val	16769333	yes	no	0.46196552953131376	0.5055120655637783	0.032522404904908035
tfidf_lr	TF-IDF LR	sparse	question_only	val	16909975	yes	yes	0.5653658972517812	0.31093566886167173	0.12369843388654699
tfidf_lr	TF-IDF LR	sparse	question_only	val	17076091	maybe	maybe	0.08726510665306801	0.1096770928588177	0.8030578004881143
tfidf_lr	TF-IDF LR	sparse	question_only	val	17259061	yes	yes	0.6376321249559672	0.3011528213895405	0.06121505365449228
tfidf_lr	TF-IDF LR	sparse	question_only	val	17279467	maybe	no	0.29299670701091474	0.4224321829342023	0.28457111005488306
tfidf_lr	TF-IDF LR	sparse	question_only	val	17489316	maybe	yes	0.46218680259914807	0.2713827850319597	0.2664304123688923
tfidf_lr	TF-IDF LR	sparse	question_only	val	17595200	no	yes	0.7551199802789571	0.22043750139894647	0.024442518322096533
tfidf_lr	TF-IDF LR	sparse	question_only	val	17610439	yes	yes	0.6784108670009906	0.16421440705766277	0.1573747259413466
tfidf_lr	TF-IDF LR	sparse	question_only	val	17940352	maybe	no	0.4554749012881142	0.5091029827425598	0.03542211596932608
tfidf_lr	TF-IDF LR	sparse	question_only	val	18019905	no	no	0.24479951401912853	0.44427492240538696	0.3109255635754845
tfidf_lr	TF-IDF LR	sparse	question_only	val	18251357	yes	yes	0.5097469961822036	0.46275480227201604	0.027498201545780282
tfidf_lr	TF-IDF LR	sparse	question_only	val	18378554	no	maybe	0.3651083200553334	0.2407065016544422	0.39418517829022437
tfidf_lr	TF-IDF LR	sparse	question_only	val	18435678	no	yes	0.6157429102291159	0.35285627671822245	0.03140081305266167
tfidf_lr	TF-IDF LR	sparse	question_only	val	18568239	yes	no	0.16412649900783882	0.6674600429494275	0.16841345804273358
tfidf_lr	TF-IDF LR	sparse	question_only	val	18570208	yes	no	0.40328956072585775	0.5323855890202456	0.0643248502538966
tfidf_lr	TF-IDF LR	sparse	question_only	val	18603989	yes	yes	0.5663317083784285	0.3951431271645739	0.038525164456997524
tfidf_lr	TF-IDF LR	sparse	question_only	val	18693227	yes	no	0.3045734316051809	0.48131459134784293	0.21411197704697607
tfidf_lr	TF-IDF LR	sparse	question_only	val	18926458	no	yes	0.4912012221920201	0.47243387514489604	0.03636490266308404
tfidf_lr	TF-IDF LR	sparse	question_only	val	19054501	yes	yes	0.7107829002311181	0.18480624111584767	0.10441085865303425
tfidf_lr	TF-IDF LR	sparse	question_only	val	19106867	yes	yes	0.6157072846220647	0.24268190435464365	0.14161081102329168
tfidf_lr	TF-IDF LR	sparse	question_only	val	19142546	no	no	0.20343384926359284	0.7389502295804548	0.0576159211559523
tfidf_lr	TF-IDF LR	sparse	question_only	val	19351635	maybe	yes	0.8358689789923895	0.11533315495431767	0.0487978660532927
tfidf_lr	TF-IDF LR	sparse	question_only	val	19406119	yes	yes	0.48614304584765317	0.37906865324852185	0.13478830090382507
tfidf_lr	TF-IDF LR	sparse	question_only	val	19459018	no	no	0.31736562555593395	0.6120124241485613	0.0706219502955047
tfidf_lr	TF-IDF LR	sparse	question_only	val	19504993	yes	yes	0.4870240669859965	0.2685864812654938	0.2443894517485097
tfidf_lr	TF-IDF LR	sparse	question_only	val	19578820	maybe	no	0.16363506162228794	0.5625908465210543	0.27377409185665774
tfidf_lr	TF-IDF LR	sparse	question_only	val	19615731	no	yes	0.7629775452936032	0.11100816963128728	0.12601428507510956
tfidf_lr	TF-IDF LR	sparse	question_only	val	20101129	maybe	yes	0.719199415953126	0.18852426966029173	0.0922763143865823
tfidf_lr	TF-IDF LR	sparse	question_only	val	20156655	yes	no	0.23374735400138175	0.6563078405228358	0.10994480547578259
tfidf_lr	TF-IDF LR	sparse	question_only	val	20304513	no	no	0.18294459813019984	0.775388578287149	0.041666823582651294
tfidf_lr	TF-IDF LR	sparse	question_only	val	20363841	no	yes	0.5644392972300692	0.30508266704201226	0.1304780357279185
tfidf_lr	TF-IDF LR	sparse	question_only	val	20382292	yes	yes	0.6279348663865606	0.20683262241932393	0.1652325111941154
tfidf_lr	TF-IDF LR	sparse	question_only	val	20602784	yes	yes	0.7763051031982624	0.1715646503493568	0.052130246452380874
tfidf_lr	TF-IDF LR	sparse	question_only	val	20736672	maybe	no	0.42599251959835654	0.47709857163542363	0.09690890876621998
tfidf_lr	TF-IDF LR	sparse	question_only	val	20736887	no	yes	0.8803704119031415	0.09014628228597646	0.0294833058108821
tfidf_lr	TF-IDF LR	sparse	question_only	val	20813740	yes	maybe	0.2618277903440888	0.14411217461500214	0.5940600350409091
tfidf_lr	TF-IDF LR	sparse	question_only	val	21074975	yes	no	0.12469125060132599	0.8302740958283036	0.04503465357037035
tfidf_lr	TF-IDF LR	sparse	question_only	val	21084567	yes	yes	0.8223753382669964	0.09578178973797041	0.08184287199503329
tfidf_lr	TF-IDF LR	sparse	question_only	val	21172844	yes	yes	0.7652260956826418	0.18702698419674016	0.04774692012061811
tfidf_lr	TF-IDF LR	sparse	question_only	val	21198823	no	yes	0.8091189313478936	0.162258253207101	0.028622815445005365
tfidf_lr	TF-IDF LR	sparse	question_only	val	21402341	no	yes	0.5259341775858105	0.43328896789982696	0.040776854514362554
tfidf_lr	TF-IDF LR	sparse	question_only	val	21658267	yes	yes	0.6205107949761515	0.0767577693261441	0.3027314356977044
tfidf_lr	TF-IDF LR	sparse	question_only	val	21669959	yes	yes	0.7121638387712207	0.22463652711150514	0.06319963411727417
tfidf_lr	TF-IDF LR	sparse	question_only	val	21745056	yes	yes	0.372527340274925	0.28175173688564925	0.3457209228394257
tfidf_lr	TF-IDF LR	sparse	question_only	val	21951591	yes	yes	0.7621969826240292	0.1873782370644558	0.0504247803115149
tfidf_lr	TF-IDF LR	sparse	question_only	val	21979183	no	no	0.3843465441431804	0.5789584407348272	0.036695015121992365
tfidf_lr	TF-IDF LR	sparse	question_only	val	22075911	yes	maybe	0.3068360515939875	0.21479941228618532	0.47836453611982716
tfidf_lr	TF-IDF LR	sparse	question_only	val	22154448	no	yes	0.7294182147599689	0.20753620330407963	0.06304558193595143
tfidf_lr	TF-IDF LR	sparse	question_only	val	22301406	yes	yes	0.7764846198393168	0.17901596962551705	0.04449941053516616
tfidf_lr	TF-IDF LR	sparse	question_only	val	22519710	no	yes	0.7863416380446749	0.18412213531321145	0.029536226642113604
tfidf_lr	TF-IDF LR	sparse	question_only	val	22534881	no	no	0.3086908460185674	0.5781676685556673	0.1131414854257654
tfidf_lr	TF-IDF LR	sparse	question_only	val	22813804	no	yes	0.8350462328825556	0.10578154690234026	0.05917222021510402
tfidf_lr	TF-IDF LR	sparse	question_only	val	22902073	yes	yes	0.6895311537499539	0.2690456633766776	0.04142318287336849
tfidf_lr	TF-IDF LR	sparse	question_only	val	23052500	no	yes	0.6533615230964349	0.17285150674043556	0.1737869701631294
tfidf_lr	TF-IDF LR	sparse	question_only	val	23072266	yes	no	0.18273061062166637	0.5146923929738544	0.3025769964044792
tfidf_lr	TF-IDF LR	sparse	question_only	val	23224030	yes	yes	0.4656806210465386	0.3794705925468946	0.1548487864065669
tfidf_lr	TF-IDF LR	sparse	question_only	val	23240452	no	yes	0.711890111765508	0.11243009038867628	0.17567979784581586
tfidf_lr	TF-IDF LR	sparse	question_only	val	23379759	yes	yes	0.5572587951808257	0.36033304835755214	0.0824081564616221
tfidf_lr	TF-IDF LR	sparse	question_only	val	23422012	no	yes	0.7895554547628881	0.1544315411134792	0.05601300412363273
tfidf_lr	TF-IDF LR	sparse	question_only	val	23449952	no	no	0.2676734026552407	0.5292048849076694	0.20312171243709
tfidf_lr	TF-IDF LR	sparse	question_only	val	23453079	yes	yes	0.5356847121830188	0.44169328648300543	0.022622001333975714
tfidf_lr	TF-IDF LR	sparse	question_only	val	23792130	yes	yes	0.9372319729000365	0.04657536464768214	0.01619266245228146
tfidf_lr	TF-IDF LR	sparse	question_only	val	23806388	yes	yes	0.48670516034196665	0.36556565394056006	0.1477291857174733
tfidf_lr	TF-IDF LR	sparse	question_only	val	23810330	yes	yes	0.6219511686556224	0.21809158525832067	0.15995724608605696
tfidf_lr	TF-IDF LR	sparse	question_only	val	23972333	yes	maybe	0.1263384340276477	0.11799298915250017	0.7556685768198521
tfidf_lr	TF-IDF LR	sparse	question_only	val	23999452	yes	yes	0.8601496543704564	0.08937224045107339	0.050478105178470255
tfidf_lr	TF-IDF LR	sparse	question_only	val	24153338	yes	yes	0.4062371779989414	0.1980106455620373	0.3957521764390214
tfidf_lr	TF-IDF LR	sparse	question_only	val	24191126	yes	yes	0.5970439407979068	0.3125648211858711	0.090391238016222
tfidf_lr	TF-IDF LR	sparse	question_only	val	24237112	yes	no	0.3743425579497602	0.5552273880055758	0.07043005404466401
tfidf_lr	TF-IDF LR	sparse	question_only	val	24267613	no	no	0.12695140171901959	0.7820419145793982	0.09100668370158216
tfidf_lr	TF-IDF LR	sparse	question_only	val	24318956	yes	yes	0.8098177977650578	0.14984775743179138	0.04033444480315083
tfidf_lr	TF-IDF LR	sparse	question_only	val	24481006	yes	yes	0.5217175238447385	0.18244755444692332	0.2958349217083383
tfidf_lr	TF-IDF LR	sparse	question_only	val	24519615	yes	yes	0.6410449926136403	0.3196534769205913	0.03930153046576829
tfidf_lr	TF-IDF LR	sparse	question_only	val	24599411	yes	maybe	0.18774199267111838	0.2743485310193381	0.5379094763095436
tfidf_lr	TF-IDF LR	sparse	question_only	val	24939676	no	yes	0.5391123808358287	0.33543533869871844	0.1254522804654528
tfidf_lr	TF-IDF LR	sparse	question_only	val	24958650	yes	maybe	0.365349363956309	0.23968304728057088	0.39496758876312016
tfidf_lr	TF-IDF LR	sparse	question_only	val	25034219	no	yes	0.8111079404132745	0.12270069652529779	0.06619136306142763
tfidf_lr	TF-IDF LR	sparse	question_only	val	25150098	yes	yes	0.523206682085504	0.4338824959144671	0.04291082200002898
tfidf_lr	TF-IDF LR	sparse	question_only	val	25168472	yes	yes	0.6060833200119996	0.17045242636360258	0.2234642536243979
tfidf_lr	TF-IDF LR	sparse	question_only	val	25228241	yes	yes	0.5323545432846896	0.34117876723996754	0.12646668947534295
tfidf_lr	TF-IDF LR	sparse	question_only	val	25255719	yes	no	0.4472961059181154	0.5257290129883139	0.026974881093570657
tfidf_lr	TF-IDF LR	sparse	question_only	val	25406780	yes	yes	0.5857186006311034	0.24916159458492054	0.16511980478397603
tfidf_lr	TF-IDF LR	sparse	question_only	val	25571931	maybe	yes	0.6020053362845448	0.3842436932931012	0.013750970422354115
tfidf_lr	TF-IDF LR	sparse	question_only	val	25592625	no	no	0.3852411907442829	0.5860125108151634	0.028746298440553705
tfidf_lr	TF-IDF LR	sparse	question_only	val	25614468	no	yes	0.6194198572740661	0.25305926634931625	0.12752087637661771
tfidf_lr	TF-IDF LR	sparse	question_only	val	25735444	maybe	yes	0.4877817690834893	0.3559270630592435	0.1562911678572673
tfidf_lr	TF-IDF LR	sparse	question_only	val	25885219	yes	no	0.15401843976627225	0.5222590091028051	0.3237225511309225
tfidf_lr	TF-IDF LR	sparse	question_only	val	25887165	yes	no	0.2542038900017138	0.6282706996337406	0.1175254103645456
tfidf_lr	TF-IDF LR	sparse	question_only	val	25940336	yes	yes	0.5968917531358744	0.2941396291840104	0.1089686176801153
tfidf_lr	TF-IDF LR	sparse	question_only	val	25981682	no	no	0.11310133171146025	0.8229604041257839	0.06393826416275579
tfidf_lr	TF-IDF LR	sparse	question_only	val	26044262	no	yes	0.8664348698112577	0.07139876365880284	0.06216636652993946
tfidf_lr	TF-IDF LR	sparse	question_only	val	26085176	yes	yes	0.6789536499167377	0.1994943888114223	0.12155196127183994
tfidf_lr	TF-IDF LR	sparse	question_only	val	26113007	no	yes	0.5611919636298658	0.27822702789952386	0.16058100847061027
tfidf_lr	TF-IDF LR	sparse	question_only	val	26126304	no	no	0.10247103292399067	0.8608423371010488	0.036686629974960444
tfidf_lr	TF-IDF LR	sparse	question_only	val	26175531	no	yes	0.8321772286364784	0.144287008153228	0.02353576321029352
tfidf_lr	TF-IDF LR	sparse	question_only	val	26505821	maybe	yes	0.5460385429227507	0.39498246582150015	0.05897899125574914
tfidf_lr	TF-IDF LR	sparse	question_only	val	26536001	no	yes	0.5914627174780018	0.34048340066380284	0.06805388185819522
tfidf_lr	TF-IDF LR	sparse	question_only	val	26606599	maybe	yes	0.6172968442711352	0.22745322024215225	0.15524993548671254
tfidf_lr	TF-IDF LR	sparse	question_only	val	26708803	maybe	yes	0.4796935512400648	0.44435761853568656	0.07594883022424861
tfidf_lr	TF-IDF LR	sparse	question_only	val	26864326	yes	yes	0.45897779782138776	0.29236402704671416	0.2486581751318981
tfidf_lr	TF-IDF LR	sparse	question_only	val	26999038	yes	yes	0.4655874665906391	0.2548116501850749	0.2796008832242861
tfidf_lr	TF-IDF LR	sparse	question_only	val	27131771	yes	yes	0.4556678750945036	0.42720060815420097	0.11713151675129545
tfidf_lr	TF-IDF LR	sparse	question_only	val	27146470	maybe	yes	0.5044105956152093	0.4045897265769461	0.09099967780784457
tfidf_lr	TF-IDF LR	sparse	question_only	val	27184293	maybe	yes	0.7358524561659255	0.13844091237404993	0.12570663146002461
tfidf_lr	TF-IDF LR	sparse	question_only	val	27554179	no	no	0.04444743871621955	0.7858263593278753	0.16972620195590524
tfidf_lr	TF-IDF LR	sparse	question_only	val	27581329	yes	no	0.193056832373164	0.5107244649001642	0.2962187027266719
tfidf_lr	TF-IDF LR	sparse	question_only	val	27908583	yes	yes	0.4918380507642594	0.19646405441368328	0.31169789482205734
tfidf_lr	TF-IDF LR	sparse	question_only	val	28006766	yes	yes	0.4787171071434074	0.20147540851079818	0.3198074843457944
tfidf_lr	TF-IDF LR	sparse	question_only	val	7497757	no	yes	0.6335156093968998	0.30940328778023274	0.057081102822867456
tfidf_lr	TF-IDF LR	sparse	question_only	val	8165771	yes	yes	0.7285510478912232	0.2202193452277292	0.0512296068810477
tfidf_lr	TF-IDF LR	sparse	question_only	val	8375607	yes	no	0.30680877381223853	0.6204521331325034	0.07273909305525819
tfidf_lr	TF-IDF LR	sparse	question_only	val	8847047	no	yes	0.5639278992910151	0.3498497535612461	0.08622234714773877
tfidf_lr	TF-IDF LR	sparse	question_only	val	9488747	yes	yes	0.47715366283792754	0.4221299324615698	0.1007164047005026
tfidf_lr	TF-IDF LR	sparse	question_only	val	9603166	no	no	0.07820136736331779	0.7621976176750117	0.15960101496167048
tfidf_lr	TF-IDF LR	sparse	question_only	val	9645785	no	no	0.18155071717652668	0.6598512681303945	0.15859801469307874
tfidf_lr	TF-IDF LR	sparse	context_only	val	10381996	no	no	0.36661747458967575	0.401052561130765	0.23232996427955935
tfidf_lr	TF-IDF LR	sparse	context_only	val	10430303	yes	yes	0.4073009101863672	0.4030395821435645	0.18965950767006828
tfidf_lr	TF-IDF LR	sparse	context_only	val	10548670	yes	yes	0.4769685354575052	0.33550473846851064	0.1875267260739841
tfidf_lr	TF-IDF LR	sparse	context_only	val	10593212	no	no	0.3774519551471742	0.3924743880795739	0.2300736567732519
tfidf_lr	TF-IDF LR	sparse	context_only	val	10732884	no	yes	0.41860957985919617	0.3873500726671937	0.19404034747361013
tfidf_lr	TF-IDF LR	sparse	context_only	val	10749257	yes	yes	0.441558561745032	0.31451859095477963	0.24392284730018846
tfidf_lr	TF-IDF LR	sparse	context_only	val	10781708	no	yes	0.42219429633641137	0.3392932046400233	0.23851249902356533
tfidf_lr	TF-IDF LR	sparse	context_only	val	10783841	yes	no	0.2735938090662402	0.38740625449053395	0.33899993644322585
tfidf_lr	TF-IDF LR	sparse	context_only	val	11079675	yes	no	0.39842421285261376	0.41701232979862246	0.18456345734876384
tfidf_lr	TF-IDF LR	sparse	context_only	val	11380492	yes	yes	0.3783420527845984	0.3777423947554399	0.2439155524599617
tfidf_lr	TF-IDF LR	sparse	context_only	val	11481599	yes	yes	0.45057776123711396	0.24685984044851686	0.30256239831436915
tfidf_lr	TF-IDF LR	sparse	context_only	val	11483547	no	yes	0.49760155638837106	0.32632065750911465	0.17607778610251426
tfidf_lr	TF-IDF LR	sparse	context_only	val	11926574	no	maybe	0.30497693121206954	0.3001986209506845	0.394824447837246
tfidf_lr	TF-IDF LR	sparse	context_only	val	12040336	no	yes	0.520695711837148	0.2557054428085902	0.22359884535426186
tfidf_lr	TF-IDF LR	sparse	context_only	val	12419743	yes	no	0.35864316465262835	0.40973100296405685	0.23162583238331486
tfidf_lr	TF-IDF LR	sparse	context_only	val	12607666	yes	yes	0.4026602721157274	0.39212305606522696	0.20521667181904557
tfidf_lr	TF-IDF LR	sparse	context_only	val	12612531	yes	yes	0.37988588273235346	0.36005343397949835	0.2600606832881482
tfidf_lr	TF-IDF LR	sparse	context_only	val	12690589	yes	no	0.3772223390947548	0.39379015177545434	0.2289875091297909
tfidf_lr	TF-IDF LR	sparse	context_only	val	14745753	yes	no	0.3440616479713638	0.47092352362143786	0.1850148284071983
tfidf_lr	TF-IDF LR	sparse	context_only	val	14978612	yes	no	0.4139568563535045	0.4216726682836394	0.16437047536285615
tfidf_lr	TF-IDF LR	sparse	context_only	val	15053041	no	yes	0.43581867653845735	0.3247764264983974	0.23940489696314526
tfidf_lr	TF-IDF LR	sparse	context_only	val	15112004	no	no	0.33775028135991686	0.4249426585350819	0.23730706010500116
tfidf_lr	TF-IDF LR	sparse	context_only	val	15125825	yes	yes	0.43135837104560415	0.29218987578966005	0.2764517531647359
tfidf_lr	TF-IDF LR	sparse	context_only	val	15223779	yes	yes	0.3601162121929183	0.29639643852081493	0.34348734928626684
tfidf_lr	TF-IDF LR	sparse	context_only	val	15483019	yes	no	0.3069475123876574	0.5244528529081449	0.16859963470419764
tfidf_lr	TF-IDF LR	sparse	context_only	val	15539888	yes	maybe	0.3260819033767672	0.30874042780549865	0.36517766881773417
tfidf_lr	TF-IDF LR	sparse	context_only	val	15943725	yes	no	0.36462933080228965	0.4136940283681302	0.2216766408295802
tfidf_lr	TF-IDF LR	sparse	context_only	val	15995461	yes	yes	0.4835970150926344	0.30428515303277165	0.21211783187459393
tfidf_lr	TF-IDF LR	sparse	context_only	val	16155169	no	no	0.4283875857924081	0.4426063721531098	0.12900604205448205
tfidf_lr	TF-IDF LR	sparse	context_only	val	16195477	yes	yes	0.4777665692059021	0.25739571719188553	0.26483771360221225
tfidf_lr	TF-IDF LR	sparse	context_only	val	16249670	no	no	0.38064284308490387	0.41975530059264254	0.19960185632245364
tfidf_lr	TF-IDF LR	sparse	context_only	val	16296668	no	yes	0.46186368751333134	0.2986667456736069	0.23946956681306186
