model	split	pmid	truth	prediction	prob_yes	prob_no	prob_maybe
tfidf_lr_c0.01_ng12_cwbalanced	val	10381996	no	no	0.3339897953818459	0.3347527096972675	0.33125749492088663
tfidf_lr_c0.01_ng12_cwbalanced	val	10430303	yes	no	0.3346808533546295	0.33490909993794826	0.3304100467074222
tfidf_lr_c0.01_ng12_cwbalanced	val	10548670	yes	yes	0.33501901594086597	0.3339821985698075	0.33099878548932654
tfidf_lr_c0.01_ng12_cwbalanced	val	10593212	no	no	0.33382892853235696	0.33457609878018735	0.33159497268745575
tfidf_lr_c0.01_ng12_cwbalanced	val	10732884	no	yes	0.3346283843292792	0.33458348161992485	0.3307881340507959
tfidf_lr_c0.01_ng12_cwbalanced	val	10749257	yes	yes	0.3342411077965949	0.33382914522534096	0.3319297469780642
tfidf_lr_c0.01_ng12_cwbalanced	val	10781708	no	yes	0.3343895225053381	0.33401093384424574	0.33159954365041616
tfidf_lr_c0.01_ng12_cwbalanced	val	10783841	yes	no	0.3329782769239061	0.33385086670507563	0.33317085637101823
tfidf_lr_c0.01_ng12_cwbalanced	val	11079675	yes	yes	0.3348125820514653	0.3343392110721105	0.3308482068764242
tfidf_lr_c0.01_ng12_cwbalanced	val	11380492	yes	no	0.3340283113618725	0.3345518213950521	0.3314198672430755
tfidf_lr_c0.01_ng12_cwbalanced	val	11481599	yes	yes	0.33475763044455364	0.3327370587942835	0.33250531076116296
tfidf_lr_c0.01_ng12_cwbalanced	val	11483547	no	yes	0.33504869985498476	0.3342256834298237	0.3307256167151916
tfidf_lr_c0.01_ng12_cwbalanced	val	11926574	no	maybe	0.3330545299497197	0.3327202723273828	0.3342251977228975
tfidf_lr_c0.01_ng12_cwbalanced	val	12040336	no	yes	0.3356522392760332	0.3328966398582032	0.3314511208657635
tfidf_lr_c0.01_ng12_cwbalanced	val	12419743	yes	no	0.33373023684576575	0.33474429104789094	0.3315254721063433
tfidf_lr_c0.01_ng12_cwbalanced	val	12607666	yes	no	0.3345321364606198	0.33498403213124517	0.330483831408135
tfidf_lr_c0.01_ng12_cwbalanced	val	12612531	yes	no	0.33420427940121245	0.3342163528545081	0.33157936774427943
tfidf_lr_c0.01_ng12_cwbalanced	val	12690589	yes	yes	0.33453186934342016	0.33423260254523485	0.331235528111345
tfidf_lr_c0.01_ng12_cwbalanced	val	14745753	yes	no	0.3342725066225555	0.3349071722968206	0.3308203210806238
tfidf_lr_c0.01_ng12_cwbalanced	val	14978612	yes	no	0.33446505443603647	0.3352819611322738	0.33025298443168966
tfidf_lr_c0.01_ng12_cwbalanced	val	15053041	no	no	0.33456806651403687	0.33457946306454384	0.3308524704214194
tfidf_lr_c0.01_ng12_cwbalanced	val	15112004	no	no	0.33370123605322444	0.3341064267082732	0.3321923372385025
tfidf_lr_c0.01_ng12_cwbalanced	val	15125825	yes	yes	0.3344831962223584	0.3334709542303039	0.3320458495473378
tfidf_lr_c0.01_ng12_cwbalanced	val	15223779	yes	yes	0.33365666374328656	0.3329872311604196	0.33335610509629376
tfidf_lr_c0.01_ng12_cwbalanced	val	15483019	yes	no	0.33395673938773535	0.3356070115261996	0.33043624908606495
tfidf_lr_c0.01_ng12_cwbalanced	val	15539888	yes	yes	0.3334808636060902	0.33305614599968186	0.3334629903942279
tfidf_lr_c0.01_ng12_cwbalanced	val	15943725	yes	no	0.3342854792472871	0.33479231515518004	0.33092220559753294
tfidf_lr_c0.01_ng12_cwbalanced	val	15995461	yes	yes	0.3347538928839816	0.3334701747487841	0.33177593236723435
tfidf_lr_c0.01_ng12_cwbalanced	val	16155169	no	no	0.33466177109194434	0.33604346892515125	0.3292947599829044
tfidf_lr_c0.01_ng12_cwbalanced	val	16195477	yes	yes	0.3347657273918206	0.33239474534388364	0.3328395272642958
tfidf_lr_c0.01_ng12_cwbalanced	val	16249670	no	no	0.3341824817624282	0.33463317870219794	0.33118433953537385
tfidf_lr_c0.01_ng12_cwbalanced	val	16296668	no	yes	0.3351509906188441	0.3332019397751882	0.33164706960596774
tfidf_lr_c0.01_ng12_cwbalanced	val	16498158	yes	yes	0.3356764430666698	0.3343606865221636	0.3299628704111666
tfidf_lr_c0.01_ng12_cwbalanced	val	16510651	no	yes	0.3347915871648965	0.3345689764309604	0.33063943640414306
tfidf_lr_c0.01_ng12_cwbalanced	val	16538201	maybe	no	0.33439575639103153	0.33525386472128105	0.33035037888768737
tfidf_lr_c0.01_ng12_cwbalanced	val	16769333	yes	no	0.3339793864970821	0.33501344655399323	0.33100716694892474
tfidf_lr_c0.01_ng12_cwbalanced	val	16909975	yes	no	0.33404423233653346	0.334895862688832	0.33105990497463467
tfidf_lr_c0.01_ng12_cwbalanced	val	17076091	maybe	maybe	0.3335798046361766	0.33271940498983404	0.3337007903739893
tfidf_lr_c0.01_ng12_cwbalanced	val	17259061	yes	yes	0.33510790766362614	0.3334738373567468	0.3314182549796271
tfidf_lr_c0.01_ng12_cwbalanced	val	17279467	maybe	yes	0.33468201409817866	0.33393199349634045	0.3313859924054809
tfidf_lr_c0.01_ng12_cwbalanced	val	17489316	maybe	no	0.33385491664632583	0.33454673560817416	0.33159834774549996
tfidf_lr_c0.01_ng12_cwbalanced	val	17595200	no	yes	0.3343297233456668	0.3336240642509904	0.3320462124033427
tfidf_lr_c0.01_ng12_cwbalanced	val	17610439	yes	yes	0.33511136430863364	0.3333408562350077	0.3315477794563587
tfidf_lr_c0.01_ng12_cwbalanced	val	17940352	maybe	no	0.3336088718050611	0.3345419418148714	0.33184918638006755
tfidf_lr_c0.01_ng12_cwbalanced	val	18019905	no	yes	0.3342412924687556	0.33296046108519967	0.3327982464460447
tfidf_lr_c0.01_ng12_cwbalanced	val	18251357	yes	no	0.3336888225569794	0.3348746173348946	0.331436560108126
tfidf_lr_c0.01_ng12_cwbalanced	val	18378554	no	yes	0.33470454335971106	0.33250895592739205	0.33278650071289684
tfidf_lr_c0.01_ng12_cwbalanced	val	18435678	no	no	0.3342539307451005	0.3347319148287377	0.33101415442616183
tfidf_lr_c0.01_ng12_cwbalanced	val	18568239	yes	no	0.3331450635787135	0.336826601723445	0.33002833469784154
tfidf_lr_c0.01_ng12_cwbalanced	val	18570208	yes	no	0.3347024722141401	0.33550981083726117	0.32978771694859876
tfidf_lr_c0.01_ng12_cwbalanced	val	18603989	yes	yes	0.3363447941171744	0.3329628028909856	0.33069240299184
tfidf_lr_c0.01_ng12_cwbalanced	val	18693227	yes	no	0.3332329090877674	0.33450221868257624	0.3322648722296563
tfidf_lr_c0.01_ng12_cwbalanced	val	18926458	no	yes	0.3356825719880814	0.3340663879022679	0.3302510401096507
tfidf_lr_c0.01_ng12_cwbalanced	val	19054501	yes	yes	0.3342791190627698	0.3337647690443754	0.3319561118928548
tfidf_lr_c0.01_ng12_cwbalanced	val	19106867	yes	yes	0.3347129327915013	0.33452851046576754	0.33075855674273114
tfidf_lr_c0.01_ng12_cwbalanced	val	19142546	no	no	0.334311524686823	0.33507429840321296	0.3306141769099641
tfidf_lr_c0.01_ng12_cwbalanced	val	19351635	maybe	yes	0.33422766987804853	0.3339633473035165	0.33180898281843485
tfidf_lr_c0.01_ng12_cwbalanced	val	19406119	yes	yes	0.3355841822060833	0.3332940213824823	0.3311217964114344
tfidf_lr_c0.01_ng12_cwbalanced	val	19459018	no	no	0.33408417457485967	0.33510662677727493	0.33080919864786534
tfidf_lr_c0.01_ng12_cwbalanced	val	19504993	yes	no	0.33316364233708506	0.3353104623543905	0.33152589530852433
tfidf_lr_c0.01_ng12_cwbalanced	val	19578820	maybe	no	0.33392502003740754	0.33449718539691037	0.33157779456568215
tfidf_lr_c0.01_ng12_cwbalanced	val	19615731	no	yes	0.33433193636515907	0.33408029349993074	0.33158777013491025
tfidf_lr_c0.01_ng12_cwbalanced	val	20101129	maybe	yes	0.33427606537771193	0.3333009188839325	0.33242301573835553
tfidf_lr_c0.01_ng12_cwbalanced	val	20156655	yes	no	0.3346825395163244	0.33501692444922726	0.3303005360344483
tfidf_lr_c0.01_ng12_cwbalanced	val	20304513	no	yes	0.3349532358909699	0.33410604472256344	0.3309407193864667
tfidf_lr_c0.01_ng12_cwbalanced	val	20363841	no	yes	0.33435809571276753	0.33389452044417794	0.3317473838430545
tfidf_lr_c0.01_ng12_cwbalanced	val	20382292	yes	yes	0.33492515799816314	0.3332640218821545	0.33181082011968244
tfidf_lr_c0.01_ng12_cwbalanced	val	20602784	yes	yes	0.33427752093055896	0.3329711817873371	0.33275129728210395
tfidf_lr_c0.01_ng12_cwbalanced	val	20736672	maybe	yes	0.33565525216209785	0.3338863636214333	0.3304583842164689
tfidf_lr_c0.01_ng12_cwbalanced	val	20736887	no	no	0.33436995059907665	0.33540375522144317	0.33022629417948035
tfidf_lr_c0.01_ng12_cwbalanced	val	20813740	yes	no	0.33346466185676693	0.3339025366694171	0.33263280147381596
tfidf_lr_c0.01_ng12_cwbalanced	val	21074975	yes	yes	0.33448835835415236	0.334328021470355	0.3311836201754926
tfidf_lr_c0.01_ng12_cwbalanced	val	21084567	yes	yes	0.3353675565578338	0.333566398035394	0.3310660454067722
tfidf_lr_c0.01_ng12_cwbalanced	val	21172844	yes	yes	0.3343241573197472	0.3339993271915053	0.33167651548874755
tfidf_lr_c0.01_ng12_cwbalanced	val	21198823	no	no	0.3344896561438696	0.33456696629869714	0.33094337755743325
tfidf_lr_c0.01_ng12_cwbalanced	val	21402341	no	yes	0.33463904965275687	0.3341397008464285	0.3312212495008146
tfidf_lr_c0.01_ng12_cwbalanced	val	21658267	yes	yes	0.334139915252334	0.3331856281937223	0.3326744565539437
tfidf_lr_c0.01_ng12_cwbalanced	val	21669959	yes	yes	0.33463052076889127	0.3326016356349007	0.3327678435962079
tfidf_lr_c0.01_ng12_cwbalanced	val	21745056	yes	yes	0.3341391241262741	0.3334887482402995	0.33237212763342644
tfidf_lr_c0.01_ng12_cwbalanced	val	21951591	yes	yes	0.3347238995690482	0.3333239686981192	0.33195213173283256
tfidf_lr_c0.01_ng12_cwbalanced	val	21979183	no	no	0.3339409644192914	0.3349495488897545	0.3311094866909541
tfidf_lr_c0.01_ng12_cwbalanced	val	22075911	yes	no	0.3330438050181836	0.33409283018036323	0.33286336480145323
tfidf_lr_c0.01_ng12_cwbalanced	val	22154448	no	yes	0.3344335776538195	0.3342544920060461	0.33131193034013434
tfidf_lr_c0.01_ng12_cwbalanced	val	22301406	yes	no	0.33363607265035977	0.33402002850375745	0.33234389884588283
tfidf_lr_c0.01_ng12_cwbalanced	val	22519710	no	yes	0.33485217941294293	0.33349899888048046	0.33164882170657656
tfidf_lr_c0.01_ng12_cwbalanced	val	22534881	no	no	0.334666424035797	0.33480889697521754	0.3305246789889855
tfidf_lr_c0.01_ng12_cwbalanced	val	22813804	no	yes	0.33467380847155487	0.3344253225167629	0.33090086901168225
tfidf_lr_c0.01_ng12_cwbalanced	val	22902073	yes	yes	0.3357621907489307	0.3342303813715044	0.3300074278795649
tfidf_lr_c0.01_ng12_cwbalanced	val	23052500	no	no	0.33392837737351067	0.3350077244311023	0.3310638981953871
tfidf_lr_c0.01_ng12_cwbalanced	val	23072266	yes	yes	0.3341567018339075	0.3338313968909797	0.33201190127511293
tfidf_lr_c0.01_ng12_cwbalanced	val	23224030	yes	yes	0.334267691719564	0.3340476597771961	0.3316846485032399
tfidf_lr_c0.01_ng12_cwbalanced	val	23240452	no	yes	0.3345115793245013	0.3341931744615624	0.3312952462139363
tfidf_lr_c0.01_ng12_cwbalanced	val	23379759	yes	no	0.3345906740697304	0.3346091425246592	0.33080018340561035
tfidf_lr_c0.01_ng12_cwbalanced	val	23422012	no	yes	0.3339637586861469	0.33314834405606836	0.3328878972577847
tfidf_lr_c0.01_ng12_cwbalanced	val	23449952	no	no	0.33433147381690437	0.3348902048212814	0.3307783213618143
tfidf_lr_c0.01_ng12_cwbalanced	val	23453079	yes	no	0.3340375446802615	0.33545719513367184	0.3305052601860667
tfidf_lr_c0.01_ng12_cwbalanced	val	23792130	yes	no	0.3341226413183811	0.33491612294160894	0.33096123574001
tfidf_lr_c0.01_ng12_cwbalanced	val	23806388	yes	yes	0.33464393578240675	0.33314028944802326	0.3322157747695701
tfidf_lr_c0.01_ng12_cwbalanced	val	23810330	yes	no	0.33431876437793984	0.3343881548786066	0.3312930807434536
tfidf_lr_c0.01_ng12_cwbalanced	val	23972333	yes	no	0.3330183747238818	0.3335606557825185	0.33342096949359973
tfidf_lr_c0.01_ng12_cwbalanced	val	23999452	yes	yes	0.3349638210606153	0.3335778883270849	0.3314582906122998
tfidf_lr_c0.01_ng12_cwbalanced	val	24153338	yes	yes	0.3344760448735129	0.33423400507463485	0.3312899500518523
tfidf_lr_c0.01_ng12_cwbalanced	val	24191126	yes	no	0.3331796194489966	0.3344710964949634	0.3323492840560399
tfidf_lr_c0.01_ng12_cwbalanced	val	24237112	yes	yes	0.3345586060716819	0.3336293166518684	0.3318120772764497
tfidf_lr_c0.01_ng12_cwbalanced	val	24267613	no	no	0.3337134471476214	0.3355001226173727	0.33078643023500587
tfidf_lr_c0.01_ng12_cwbalanced	val	24318956	yes	yes	0.3350817667104458	0.3338693405128681	0.33104889277668603
tfidf_lr_c0.01_ng12_cwbalanced	val	24481006	yes	no	0.33377515636016825	0.33505678452139254	0.3311680591184392
tfidf_lr_c0.01_ng12_cwbalanced	val	24519615	yes	yes	0.33479045017606157	0.334726359586917	0.33048319023702133
tfidf_lr_c0.01_ng12_cwbalanced	val	24599411	yes	no	0.3329206395115849	0.3339427029686423	0.3331366575197728
tfidf_lr_c0.01_ng12_cwbalanced	val	24939676	no	yes	0.33406467295626985	0.33357573187103023	0.33235959517269986
tfidf_lr_c0.01_ng12_cwbalanced	val	24958650	yes	yes	0.33427989444229206	0.3334650442881886	0.3322550612695193
tfidf_lr_c0.01_ng12_cwbalanced	val	25034219	no	no	0.33383100418283324	0.3344898890509389	0.33167910676622797
tfidf_lr_c0.01_ng12_cwbalanced	val	25150098	yes	yes	0.3355448076900499	0.33359163138500636	0.33086356092494373
tfidf_lr_c0.01_ng12_cwbalanced	val	25168472	yes	yes	0.33474346393759224	0.3335413671655762	0.33171516889683156
tfidf_lr_c0.01_ng12_cwbalanced	val	25228241	yes	yes	0.3349308097667406	0.3342289291787149	0.33084026105454445
tfidf_lr_c0.01_ng12_cwbalanced	val	25255719	yes	yes	0.33490994396412577	0.3346053537374021	0.3304847022984722
tfidf_lr_c0.01_ng12_cwbalanced	val	25406780	yes	yes	0.33410282961991533	0.33307670728779737	0.3328204630922873
tfidf_lr_c0.01_ng12_cwbalanced	val	25571931	maybe	yes	0.335179024985999	0.3337156007097934	0.3311053743042076
tfidf_lr_c0.01_ng12_cwbalanced	val	25592625	no	yes	0.3347512011084271	0.33425751135481774	0.33099128753675516
tfidf_lr_c0.01_ng12_cwbalanced	val	25614468	no	yes	0.3345995309457972	0.3344126766313505	0.33098779242285237
tfidf_lr_c0.01_ng12_cwbalanced	val	25735444	maybe	no	0.33335445041054684	0.3353855179719487	0.3312600316175045
tfidf_lr_c0.01_ng12_cwbalanced	val	25885219	yes	yes	0.3349211272794593	0.33360924860260327	0.3314696241179374
tfidf_lr_c0.01_ng12_cwbalanced	val	25887165	yes	yes	0.3346759105540365	0.3346079886819966	0.3307161007639669
tfidf_lr_c0.01_ng12_cwbalanced	val	25940336	yes	yes	0.33450516007338493	0.33361905878254333	0.3318757811440718
tfidf_lr_c0.01_ng12_cwbalanced	val	25981682	no	yes	0.33418316268150783	0.3341626294703919	0.33165420784810024
tfidf_lr_c0.01_ng12_cwbalanced	val	26044262	no	yes	0.33415076080666256	0.33259629431224796	0.33325294488108953
tfidf_lr_c0.01_ng12_cwbalanced	val	26085176	yes	yes	0.33517498791289346	0.33398426884891363	0.3308407432381929
tfidf_lr_c0.01_ng12_cwbalanced	val	26113007	no	no	0.3340239258127726	0.33467869154259	0.3312973826446374
tfidf_lr_c0.01_ng12_cwbalanced	val	26126304	no	no	0.3331103263644892	0.3350843935876284	0.33180528004788234
tfidf_lr_c0.01_ng12_cwbalanced	val	26175531	no	yes	0.3359273574492958	0.3339783161241549	0.3300943264265492
tfidf_lr_c0.01_ng12_cwbalanced	val	26505821	maybe	yes	0.3350254761605003	0.33417688946647073	0.330797634373029
tfidf_lr_c0.01_ng12_cwbalanced	val	26536001	no	no	0.33347690229619975	0.33364635440361523	0.332876743300185
tfidf_lr_c0.01_ng12_cwbalanced	val	26606599	maybe	yes	0.33566095339554075	0.334553503671101	0.3297855429333584
tfidf_lr_c0.01_ng12_cwbalanced	val	26708803	maybe	no	0.33395713111463504	0.33474078272717583	0.3313020861581891
tfidf_lr_c0.01_ng12_cwbalanced	val	26864326	yes	yes	0.33471925698998284	0.3342136730383623	0.3310670699716549
tfidf_lr_c0.01_ng12_cwbalanced	val	26999038	yes	yes	0.33427554211242044	0.33358232334531246	0.33214213454226704
tfidf_lr_c0.01_ng12_cwbalanced	val	27131771	yes	no	0.33411628786512637	0.33488750435247133	0.33099620778240235
tfidf_lr_c0.01_ng12_cwbalanced	val	27146470	maybe	yes	0.33483853320671014	0.33381467895516864	0.33134678783812127
tfidf_lr_c0.01_ng12_cwbalanced	val	27184293	maybe	yes	0.3348808953288185	0.3341282444161991	0.3309908602549824
tfidf_lr_c0.01_ng12_cwbalanced	val	27554179	no	no	0.33267844907526617	0.3351778176514515	0.33214373327328234
tfidf_lr_c0.01_ng12_cwbalanced	val	27581329	yes	yes	0.3344728427634213	0.3334054306582367	0.332121726578342
tfidf_lr_c0.01_ng12_cwbalanced	val	27908583	yes	no	0.33373953836715475	0.3346450021362166	0.3316154594966286
tfidf_lr_c0.01_ng12_cwbalanced	val	28006766	yes	yes	0.3340581335976875	0.33385314062180144	0.3320887257805111
tfidf_lr_c0.01_ng12_cwbalanced	val	7497757	no	no	0.3348055083703604	0.33514012490617934	0.3300543667234603
tfidf_lr_c0.01_ng12_cwbalanced	val	8165771	yes	yes	0.33414980844242	0.3340978344715627	0.33175235708601725
tfidf_lr_c0.01_ng12_cwbalanced	val	8375607	yes	yes	0.33408640508702975	0.33335079367911136	0.3325628012338589
tfidf_lr_c0.01_ng12_cwbalanced	val	8847047	no	no	0.33353827694966653	0.33440960605365255	0.33205211699668097
tfidf_lr_c0.01_ng12_cwbalanced	val	9488747	yes	yes	0.3343276309946281	0.33405634057403955	0.3316160284313324
tfidf_lr_c0.01_ng12_cwbalanced	val	9603166	no	maybe	0.3337291703933223	0.3324991461829444	0.33377168342373326
tfidf_lr_c0.01_ng12_cwbalanced	val	9645785	no	yes	0.3339648028402552	0.33353998893988085	0.332495208219864
tfidf_lr_c0.01_ng12_cwbalanced	test	10158597	yes	yes	0.33391688961736393	0.33384863615215393	0.33223447423048214
tfidf_lr_c0.01_ng12_cwbalanced	test	10223070	maybe	yes	0.3347865447865044	0.3337891400189328	0.3314243151945629
tfidf_lr_c0.01_ng12_cwbalanced	test	10331115	yes	yes	0.3348633541564526	0.33360710565428714	0.3315295401892603
tfidf_lr_c0.01_ng12_cwbalanced	test	10340286	maybe	no	0.33334525593996484	0.3344528872594068	0.3322018568006284
tfidf_lr_c0.01_ng12_cwbalanced	test	10411439	yes	yes	0.3344677041271672	0.3341753055345624	0.3313569903382704
tfidf_lr_c0.01_ng12_cwbalanced	test	10456814	no	yes	0.3358610087381433	0.33313962233667554	0.3309993689251811
tfidf_lr_c0.01_ng12_cwbalanced	test	10490564	yes	yes	0.33526829132998903	0.3335903742559036	0.33114133441410737
tfidf_lr_c0.01_ng12_cwbalanced	test	10575390	no	no	0.333974890624085	0.33509646260400444	0.3309286467719106
tfidf_lr_c0.01_ng12_cwbalanced	test	10757151	no	yes	0.33523795628789793	0.33385749689406796	0.3309045468180341
tfidf_lr_c0.01_ng12_cwbalanced	test	11247896	maybe	no	0.33330992020867123	0.33390000237518064	0.332790077416148
tfidf_lr_c0.01_ng12_cwbalanced	test	11296674	maybe	yes	0.3340309896641296	0.33396995772195903	0.3319990526139113
tfidf_lr_c0.01_ng12_cwbalanced	test	11334578	no	no	0.33358958667876065	0.3345406394505085	0.3318697738707309
tfidf_lr_c0.01_ng12_cwbalanced	test	11799314	yes	no	0.3336906003704424	0.3350115301878478	0.3312978694417098
tfidf_lr_c0.01_ng12_cwbalanced	test	11862129	no	no	0.3342215613711146	0.3343070709999188	0.33147136762896656
tfidf_lr_c0.01_ng12_cwbalanced	test	11970923	yes	yes	0.33419344151183356	0.33368569690439637	0.3321208615837701
tfidf_lr_c0.01_ng12_cwbalanced	test	12142826	no	no	0.33416755861806324	0.335688323848782	0.3301441175331548
tfidf_lr_c0.01_ng12_cwbalanced	test	12221908	yes	no	0.334131191869303	0.33514246709843304	0.330726341032264
tfidf_lr_c0.01_ng12_cwbalanced	test	12407608	maybe	yes	0.33492926509668264	0.3345237617903733	0.33054697311294406
tfidf_lr_c0.01_ng12_cwbalanced	test	12855939	no	yes	0.3352245498875378	0.333437903029448	0.3313375470830142
tfidf_lr_c0.01_ng12_cwbalanced	test	12947068	yes	yes	0.33379967676983346	0.33378893006341964	0.33241139316674684
tfidf_lr_c0.01_ng12_cwbalanced	test	12963175	yes	yes	0.33446365435265074	0.3336421752820853	0.3318941703652639
tfidf_lr_c0.01_ng12_cwbalanced	test	14697414	yes	no	0.333560902447214	0.33499861469755465	0.33144048285523137
tfidf_lr_c0.01_ng12_cwbalanced	test	15052394	no	no	0.33384978659601544	0.3341073517688566	0.33204286163512803
tfidf_lr_c0.01_ng12_cwbalanced	test	15222284	yes	yes	0.3346076331223393	0.3340921552293986	0.33130021164826207
tfidf_lr_c0.01_ng12_cwbalanced	test	15466981	yes	no	0.334384946854663	0.33471317491046726	0.33090187823486966
tfidf_lr_c0.01_ng12_cwbalanced	test	15488260	yes	no	0.3335970080002284	0.33372890474577926	0.33267408725399233
tfidf_lr_c0.01_ng12_cwbalanced	test	15597845	yes	yes	0.33440312461502203	0.3334107091230965	0.33218616626188147
tfidf_lr_c0.01_ng12_cwbalanced	test	15631914	no	maybe	0.33233645348402335	0.33278261409213655	0.33488093242384015
tfidf_lr_c0.01_ng12_cwbalanced	test	15670262	yes	yes	0.33428353223206964	0.33409188105671905	0.33162458671121126
tfidf_lr_c0.01_ng12_cwbalanced	test	15708048	yes	yes	0.3345711705826645	0.33433584001612754	0.33109298940120807
tfidf_lr_c0.01_ng12_cwbalanced	test	16097998	yes	yes	0.3340030455178821	0.3332704486667015	0.3327265058154163
tfidf_lr_c0.01_ng12_cwbalanced	test	16241924	no	yes	0.33481725587981226	0.33429914295594476	0.3308836011642429
tfidf_lr_c0.01_ng12_cwbalanced	test	16266387	yes	yes	0.3347329485415382	0.3328268790127633	0.33244017244569846
tfidf_lr_c0.01_ng12_cwbalanced	test	16392897	maybe	yes	0.33374805256222945	0.333563398167498	0.33268854927027247
tfidf_lr_c0.01_ng12_cwbalanced	test	16403186	no	no	0.33429250430220714	0.33442656292625267	0.3312809327715402
tfidf_lr_c0.01_ng12_cwbalanced	test	16465002	yes	yes	0.33500435706743065	0.33475779412204765	0.33023784881052176
tfidf_lr_c0.01_ng12_cwbalanced	test	16872243	no	yes	0.33504698627707785	0.33299386972806944	0.3319591439948527
tfidf_lr_c0.01_ng12_cwbalanced	test	16971978	yes	yes	0.33443127810172885	0.3339271799615141	0.33164154193675704
tfidf_lr_c0.01_ng12_cwbalanced	test	17105833	maybe	no	0.33383047920981124	0.33421879587640113	0.33195072491378763
tfidf_lr_c0.01_ng12_cwbalanced	test	17276182	yes	yes	0.3339695775121883	0.3332691325943335	0.33276128989347814
tfidf_lr_c0.01_ng12_cwbalanced	test	17295865	yes	yes	0.3341580908197517	0.33355568220079546	0.33228622697945287
tfidf_lr_c0.01_ng12_cwbalanced	test	17323047	no	no	0.3344881103976437	0.33487204550762995	0.33063984409472635
tfidf_lr_c0.01_ng12_cwbalanced	test	17329379	yes	no	0.3343289943330899	0.3345059884155883	0.33116501725132175
tfidf_lr_c0.01_ng12_cwbalanced	test	17403428	no	no	0.33375347390097776	0.3357634640297363	0.33048306206928596
tfidf_lr_c0.01_ng12_cwbalanced	test	17453263	yes	yes	0.3341321561233051	0.33259555871511487	0.33327228516158003
tfidf_lr_c0.01_ng12_cwbalanced	test	17565137	yes	no	0.3343566328617378	0.33442980219374013	0.33121356494452214
tfidf_lr_c0.01_ng12_cwbalanced	test	17601244	yes	yes	0.3340146322648535	0.3335345007003728	0.3324508670347736
tfidf_lr_c0.01_ng12_cwbalanced	test	17606778	yes	yes	0.3348715657450984	0.3336789756942843	0.33144945856061725
tfidf_lr_c0.01_ng12_cwbalanced	test	17704864	yes	yes	0.33425872344897095	0.3340089451341975	0.3317323314168315
tfidf_lr_c0.01_ng12_cwbalanced	test	17894828	yes	no	0.33404227516784174	0.3346532238671389	0.33130450096501934
tfidf_lr_c0.01_ng12_cwbalanced	test	17910536	yes	no	0.33393638295156775	0.33421661771898475	0.33184699932944756
tfidf_lr_c0.01_ng12_cwbalanced	test	17914515	yes	no	0.33384363744759654	0.3350323882291446	0.3311239743232588
tfidf_lr_c0.01_ng12_cwbalanced	test	17916877	yes	yes	0.3351641185593171	0.3346701974321579	0.3301656840085249
tfidf_lr_c0.01_ng12_cwbalanced	test	18096128	no	no	0.3343952197710471	0.3350611789591282	0.33054360126982474
tfidf_lr_c0.01_ng12_cwbalanced	test	18158048	yes	no	0.3334782251932337	0.3345995401362106	0.33192223467055565
tfidf_lr_c0.01_ng12_cwbalanced	test	18269157	yes	yes	0.33455985705443436	0.3341621632408053	0.3312779797047604
tfidf_lr_c0.01_ng12_cwbalanced	test	18388848	yes	maybe	0.33335945812123857	0.33264049566930387	0.3340000462094576
tfidf_lr_c0.01_ng12_cwbalanced	test	18439500	no	no	0.3343591534277564	0.33500388423420857	0.33063696233803497
tfidf_lr_c0.01_ng12_cwbalanced	test	18534072	no	no	0.3332358729470084	0.33374004541796487	0.33302408163502684
tfidf_lr_c0.01_ng12_cwbalanced	test	18619710	no	yes	0.3341284685612139	0.33341102941681194	0.33246050202197425
tfidf_lr_c0.01_ng12_cwbalanced	test	18667100	no	no	0.3341368978460576	0.334314999992574	0.3315481021613684
tfidf_lr_c0.01_ng12_cwbalanced	test	18784527	no	no	0.33508775096076526	0.3354488622751698	0.32946338676406495
tfidf_lr_c0.01_ng12_cwbalanced	test	18801797	no	yes	0.33448479231317557	0.333084746405968	0.33243046128085646
tfidf_lr_c0.01_ng12_cwbalanced	test	18832500	yes	no	0.3336925443727455	0.3341918259422465	0.332115629685008
tfidf_lr_c0.01_ng12_cwbalanced	test	19058191	yes	no	0.33404114628848247	0.3342706786083171	0.3316881751032005
tfidf_lr_c0.01_ng12_cwbalanced	test	19198736	no	yes	0.33416688714861575	0.33414713865290446	0.33168597419847984
tfidf_lr_c0.01_ng12_cwbalanced	test	19309468	yes	yes	0.3352405501773378	0.333779686833981	0.33097976298868115
tfidf_lr_c0.01_ng12_cwbalanced	test	19468282	maybe	yes	0.33578590530193	0.33377629002344883	0.3304378046746212
tfidf_lr_c0.01_ng12_cwbalanced	test	19575307	no	no	0.3338879017115498	0.3352768873706673	0.33083521091778295
tfidf_lr_c0.01_ng12_cwbalanced	test	19653482	yes	yes	0.33419054924544717	0.33268453987108926	0.33312491088346363
tfidf_lr_c0.01_ng12_cwbalanced	test	19664156	yes	yes	0.33422523923065645	0.33366704029897126	0.33210772047037235
tfidf_lr_c0.01_ng12_cwbalanced	test	19683101	no	no	0.33372399704732464	0.3355154865284294	0.33076051642424603
tfidf_lr_c0.01_ng12_cwbalanced	test	19712912	no	no	0.33370025010853605	0.33426521770266304	0.3320345321888009
tfidf_lr_c0.01_ng12_cwbalanced	test	19836806	no	yes	0.33452446791167034	0.33404484202820833	0.3314306900601213
tfidf_lr_c0.01_ng12_cwbalanced	test	19931500	yes	yes	0.33400908667375445	0.3332153443767453	0.3327755689495003
tfidf_lr_c0.01_ng12_cwbalanced	test	20338971	yes	no	0.33399256554689966	0.3347903390595132	0.3312170953935872
tfidf_lr_c0.01_ng12_cwbalanced	test	20530150	no	no	0.3336795300892037	0.33524212981827667	0.3310783400925196
tfidf_lr_c0.01_ng12_cwbalanced	test	21368683	yes	yes	0.33475532873210007	0.33255574022909357	0.33268893103880637
tfidf_lr_c0.01_ng12_cwbalanced	test	21739621	yes	yes	0.3360943013349182	0.3340336081764118	0.32987209048867006
tfidf_lr_c0.01_ng12_cwbalanced	test	21756515	maybe	yes	0.3339730583429857	0.33314200882729744	0.3328849328297168
tfidf_lr_c0.01_ng12_cwbalanced	test	21848798	yes	yes	0.3343799418215985	0.3336091416380062	0.33201091654039533
tfidf_lr_c0.01_ng12_cwbalanced	test	21881325	yes	yes	0.3354988193409729	0.3339991178757765	0.3305020627832506
tfidf_lr_c0.01_ng12_cwbalanced	test	22011946	no	no	0.333387626913181	0.33518550087171656	0.3314268722151025
tfidf_lr_c0.01_ng12_cwbalanced	test	22188074	yes	yes	0.3353840078963392	0.33345773656155303	0.33115825554210776
tfidf_lr_c0.01_ng12_cwbalanced	test	22236315	no	yes	0.3341705691441391	0.33316642485798964	0.3326630059978712
tfidf_lr_c0.01_ng12_cwbalanced	test	22237146	yes	no	0.3335324042460316	0.3342838868297571	0.33218370892421134
tfidf_lr_c0.01_ng12_cwbalanced	test	2224269	yes	no	0.3334280110032819	0.3342606074011048	0.33231138159561324
tfidf_lr_c0.01_ng12_cwbalanced	test	22266735	yes	no	0.33393484040736787	0.334340599490665	0.3317245601019671
tfidf_lr_c0.01_ng12_cwbalanced	test	22324545	yes	yes	0.33493293914269023	0.33408444316242897	0.33098261769488074
tfidf_lr_c0.01_ng12_cwbalanced	test	22382608	no	yes	0.33408914239611287	0.333247902539168	0.33266295506471916
tfidf_lr_c0.01_ng12_cwbalanced	test	22427593	maybe	yes	0.33472981588522477	0.33364452495661134	0.33162565915816383
tfidf_lr_c0.01_ng12_cwbalanced	test	22449464	yes	yes	0.33496061042140013	0.33308518186757086	0.3319542077110289
tfidf_lr_c0.01_ng12_cwbalanced	test	22521460	no	yes	0.33471236581353214	0.3342385554685509	0.33104907871791694
tfidf_lr_c0.01_ng12_cwbalanced	test	22532370	yes	yes	0.3359910080807165	0.3328168912230621	0.33119210069622135
tfidf_lr_c0.01_ng12_cwbalanced	test	22617083	yes	yes	0.33486311456518775	0.33372332610651695	0.33141355932829536
tfidf_lr_c0.01_ng12_cwbalanced	test	22680064	yes	yes	0.3351423381772401	0.33444558503441413	0.33041207678834583
tfidf_lr_c0.01_ng12_cwbalanced	test	22954812	maybe	no	0.3341374687819574	0.3342479236450447	0.33161460757299793
tfidf_lr_c0.01_ng12_cwbalanced	test	23002947	no	no	0.3347490107309175	0.3348156730117889	0.3304353162572937
tfidf_lr_c0.01_ng12_cwbalanced	test	23096188	yes	no	0.3344834227154511	0.3344921034429901	0.3310244738415588
tfidf_lr_c0.01_ng12_cwbalanced	test	23147106	no	no	0.3333755783617307	0.3343582980773261	0.33226612356094326
tfidf_lr_c0.01_ng12_cwbalanced	test	23264436	yes	no	0.3342466238517409	0.33458017547072016	0.33117320067753886
tfidf_lr_c0.01_ng12_cwbalanced	test	23347337	yes	yes	0.3340702543733479	0.3331548158215121	0.33277492980514006
tfidf_lr_c0.01_ng12_cwbalanced	test	23588461	yes	yes	0.33409399059691514	0.33395675246874706	0.33194925693433774
tfidf_lr_c0.01_ng12_cwbalanced	test	23621776	no	yes	0.3345513817941671	0.33414560586534414	0.3313030123404888
tfidf_lr_c0.01_ng12_cwbalanced	test	23677366	no	no	0.33426402114141657	0.3348486944779797	0.3308872843806038
tfidf_lr_c0.01_ng12_cwbalanced	test	23774337	no	yes	0.3351546336785028	0.33455166269781733	0.3302937036236799
tfidf_lr_c0.01_ng12_cwbalanced	test	24139705	yes	yes	0.3347157306244426	0.3336717468246099	0.3316125225509475
tfidf_lr_c0.01_ng12_cwbalanced	test	24183388	maybe	yes	0.334638619391791	0.3342869594943839	0.3310744211138251
tfidf_lr_c0.01_ng12_cwbalanced	test	24235894	no	yes	0.3345993678908575	0.33374160250636614	0.3316590296027764
tfidf_lr_c0.01_ng12_cwbalanced	test	24315783	yes	yes	0.33470266564042894	0.33307704862823184	0.33222028573133916
tfidf_lr_c0.01_ng12_cwbalanced	test	24434052	maybe	no	0.33388138085461166	0.33457809474084677	0.3315405244045416
tfidf_lr_c0.01_ng12_cwbalanced	test	24446763	no	no	0.3344167903771212	0.33543669088873074	0.33014651873414813
tfidf_lr_c0.01_ng12_cwbalanced	test	24666444	no	no	0.33404317907612097	0.33531137823918833	0.33064544268469065
tfidf_lr_c0.01_ng12_cwbalanced	test	24669960	no	yes	0.33511267862145033	0.33506821305658663	0.329819108321963
tfidf_lr_c0.01_ng12_cwbalanced	test	24866606	yes	yes	0.3342864017789709	0.3334775141808204	0.33223608404020866
tfidf_lr_c0.01_ng12_cwbalanced	test	24995509	maybe	yes	0.33470553360831024	0.33457972292012317	0.3307147434715666
tfidf_lr_c0.01_ng12_cwbalanced	test	25079920	maybe	yes	0.3339610504737975	0.3337888425942417	0.3322501069319609
tfidf_lr_c0.01_ng12_cwbalanced	test	25304452	yes	no	0.333904075041258	0.3342567356352725	0.33183918932346956
tfidf_lr_c0.01_ng12_cwbalanced	test	25336163	no	yes	0.3346713863185749	0.33380418418548363	0.3315244294959414
tfidf_lr_c0.01_ng12_cwbalanced	test	25432938	yes	yes	0.33453088798624	0.3334676779333323	0.3320014340804277
tfidf_lr_c0.01_ng12_cwbalanced	test	25480629	maybe	no	0.3343499405631552	0.3350048150169796	0.33064524441986526
tfidf_lr_c0.01_ng12_cwbalanced	test	25489696	yes	no	0.33329935840450964	0.3356175146763047	0.3310831269191856
tfidf_lr_c0.01_ng12_cwbalanced	test	25503376	yes	yes	0.33428739704043026	0.3336348207502155	0.3320777822093542
tfidf_lr_c0.01_ng12_cwbalanced	test	25588461	yes	yes	0.335146861497665	0.33329588124489873	0.3315572572574363
tfidf_lr_c0.01_ng12_cwbalanced	test	25985014	no	no	0.3344263926393695	0.334518342086627	0.3310552652740035
tfidf_lr_c0.01_ng12_cwbalanced	test	26399179	yes	yes	0.3346129337336094	0.3340416531521243	0.33134541311426624
tfidf_lr_c0.01_ng12_cwbalanced	test	26418441	yes	yes	0.3351153074449534	0.33339648888707196	0.3314882036679746
tfidf_lr_c0.01_ng12_cwbalanced	test	26418796	yes	no	0.3342481099290142	0.33455073278951025	0.33120115728147553
tfidf_lr_c0.01_ng12_cwbalanced	test	26601554	yes	yes	0.33425850355533954	0.33329268175785387	0.3324488146868066
tfidf_lr_c0.01_ng12_cwbalanced	test	26701174	yes	yes	0.3350689598022125	0.33411924874548404	0.3308117914523034
tfidf_lr_c0.01_ng12_cwbalanced	test	26778755	maybe	no	0.3336564719559677	0.33504610604286805	0.3312974220011642
tfidf_lr_c0.01_ng12_cwbalanced	test	26859535	no	no	0.33407600085192585	0.33467875188641294	0.3312452472616612
tfidf_lr_c0.01_ng12_cwbalanced	test	27096199	no	yes	0.33403026883902814	0.33326082428666604	0.3327089068743058
tfidf_lr_c0.01_ng12_cwbalanced	test	27216167	yes	yes	0.33461243625757103	0.33333503804655285	0.332052525695876
tfidf_lr_c0.01_ng12_cwbalanced	test	27338535	no	yes	0.33484411390982705	0.33367204782951215	0.3314838382606608
tfidf_lr_c0.01_ng12_cwbalanced	test	27456836	yes	no	0.33389439823444295	0.3340053975363998	0.33210020422915726
tfidf_lr_c0.01_ng12_cwbalanced	test	27642458	no	yes	0.3342603452917295	0.3338734636936448	0.33186619101462567
tfidf_lr_c0.01_ng12_cwbalanced	test	27818079	yes	no	0.33413791297881956	0.334957263588489	0.3309048234326914
tfidf_lr_c0.01_ng12_cwbalanced	test	27858166	yes	yes	0.3348438668490769	0.3344415259480897	0.33071460720283347
tfidf_lr_c0.01_ng12_cwbalanced	test	27884344	yes	yes	0.3342424808752262	0.3332727435942564	0.33248477553051736
tfidf_lr_c0.01_ng12_cwbalanced	test	27896825	yes	no	0.33322190120436185	0.3345172322698216	0.3322608665258166
tfidf_lr_c0.01_ng12_cwbalanced	test	28056802	yes	yes	0.3359161382514423	0.33386488455302676	0.3302189771955309
tfidf_lr_c0.01_ng12_cwbalanced	test	28196511	no	yes	0.33456709874885804	0.33278323387887593	0.33264966737226603
tfidf_lr_c0.01_ng12_cwbalanced	test	7664228	no	no	0.33431549901862384	0.33462022566289684	0.3310642753184794
tfidf_lr_c0.01_ng12_cwbalanced	test	8017535	yes	maybe	0.33294687321605493	0.3328325293075109	0.3342205974764342
tfidf_lr_c0.01_ng12_cwbalanced	test	8200238	no	no	0.3337154145112248	0.3361469141262675	0.33013767136250766
tfidf_lr_c0.01_ng12_cwbalanced	test	8521557	no	yes	0.33596098489075354	0.33435127848467894	0.3296877366245675
tfidf_lr_c0.01_ng12_cwbalanced	test	9142039	yes	no	0.3343001393656562	0.3344922453033717	0.33120761533097204
tfidf_lr_c0.01_ng12_cwbalanced	test	9722752	yes	no	0.3343107954594754	0.3349409499218328	0.3307482546186918
tfidf_lr_c0.01_ng12_cwbalanced	test	9854965	yes	yes	0.3342186862593839	0.33402675668582127	0.3317545570547949
